1,314.996394,35.267357,1
1,314.996371,35.267761,2
2,314.998218,35.267380,1
2,314.998186,35.267829,2
3,314.994785,35.267845,1
3,314.994771,35.268048,2
4,314.991619,35.268951,1
4,314.991570,35.269665,2
5,314.988666,35.270321,1
5,314.988592,35.271403,2
6,314.992767,35.271790,1
6,314.992731,35.272297,2
7,315.000848,35.271950,1
7,315.000817,35.272399,2
8,315.015312,35.271904,1
8,315.015293,35.272182,2
9,315.013758,35.272369,1
9,315.013710,35.273083,2
10,315.017479,35.274452,1
10,315.017421,35.275325,2
11,315.021648,35.275299,1
11,315.021606,35.275924,2
12,315.019978,35.276157,1
12,315.019915,35.277078,2
13,315.021546,35.277882,1
13,315.021518,35.278298,2
14,315.006795,35.274754,1
14,315.006763,35.275221,2
15,315.006677,35.279644,1
15,315.006624,35.280464,2
16,315.016379,35.280094,1
16,315.016320,35.281019,2
17,314.983217,35.272480,1
17,314.983187,35.272947,2
18,314.985149,35.276249,1
18,314.985103,35.276951,2
19,314.994604,35.275757,1
19,314.994544,35.276682,2
20,314.991034,35.278881,1
20,314.991007,35.279481,2
21,314.975483,35.278557,1
21,314.975442,35.279484,2
22,314.987139,35.280624,1
22,314.987105,35.281405,2
23,315.003436,35.281212,1
23,315.003408,35.281831,2
24,314.992637,35.283691,1
24,314.992616,35.284152,2
25,314.993448,35.285881,1
25,314.993418,35.286553,2
26,315.002136,35.285568,1
26,315.002103,35.286342,2
27,314.999104,35.285995,1
27,314.999057,35.287134,2
28,315.029835,35.278538,1
28,315.029800,35.279373,2
29,315.020904,35.285355,1
29,315.020871,35.286128,2
30,315.027592,35.285976,1
30,315.027579,35.286277,2
